0.0,0.0,0.0,0.0,0.0,0.06189735614307931
0.0,0.0,0.0,0.0,0.06591639871382636,0.03333333333333333
0.0,0.0,0.0,0.0,0.05561007523716061,0.08571428571428572
0.0,0.0,0.0,0.16666666666666666,0.060935441370223976,0.046511627906976744
0.0,0.0,0.0,0.03333333333333333,0.05676126878130217,0.10869565217391304
0.0,0.0,1.0,0.0625,0.06414193108154213,0.06666666666666667
0.0,0.0,0.25,0.07446808510638298,0.06346423562412343,0.06818181818181818
0.0,0.0,0.0,0.057750759878419454,0.06016980435585087,0.10416666666666667
0.0,0.0,0.05,0.0631163708086785,0.05924453280318091,0.0
0.0,0.0,0.0,0.06779661016949153,0.06544054747647562,0.07692307692307693
0.0,0.5,0.07317073170731707,0.06928406466512702,0.06860036832412524,0.08333333333333333
0.0,0.5,0.07142857142857142,0.061083743842364535,0.06048587010411502,0.0
0.0,0.0,0.05813953488372093,0.06278434940855324,0.06432105552501374,0.16666666666666666
0.0,0.15384615384615385,0.05263157894736842,0.07078925956061839,0.0617782909930716,0.05263157894736842
0.0,0.058823529411764705,0.0582010582010582,0.062402496099843996,0.060061919504643964,0.0
0.0,0.1111111111111111,0.06115107913669065,0.053117782909930716,0.06012024048096192,0.06666666666666667
0.25,0.0,0.06963788300835655,0.06277695716395865,0.059593023255813955,0.0
0.0,0.14285714285714285,0.06726457399103139,0.05843681519357195,0.05629397967161845,0.23076923076923078
0.0,0.0,0.05048543689320388,0.06254653760238273,0.057308970099667775,0.0
0.0,0.03333333333333333,0.05363321799307959,0.060561299852289516,0.0709849157054126,0.0
0.08333333333333333,0.037037037037037035,0.05731523378582202,0.07731958762886598,0.056676272814601344,0.2
0.058823529411764705,0.06666666666666667,0.06509695290858726,0.05712841253791709,0.07716049382716049,0.125
0.047619047619047616,0.03968253968253968,0.051347881899871634,0.06335078534031413,0.08227848101265822,0.0
0.1,0.05405405405405406,0.07192575406032482,0.06904109589041096,0.05802047781569966,0.25
0.10526315789473684,0.05945945945945946,0.05005561735261402,0.07019562715765247,0.04316546762589928,0.0
0.10204081632653061,0.06976744186046512,0.07426778242677824,0.06558363417569193,0.07116104868913857,0.0
0.09375,0.027237354085603113,0.06847935548841894,0.06846733668341709,0.06910569105691057,0.0
0.09090909090909091,0.0945945945945946,0.07192118226600985,0.06134564643799472,0.044897959183673466,0.3333333333333333
0.11224489795918367,0.06231454005934718,0.060836501901140684,0.05547752808988764,0.08888888888888889,0.0
0.07377049180327869,0.03978779840848806,0.06790697674418604,0.05917159763313609,0.08490566037735849,0.2
0.08666666666666667,0.06046511627906977,0.061467889908256884,0.05066250974279034,0.06435643564356436,0.0
0.06358381502890173,0.06437768240343347,0.07180851063829788,0.06921824104234528,0.056962025316455694,0.4
0.0392156862745098,0.06538461538461539,0.0752405949256343,0.07841409691629955,0.046357615894039736,0.0
0.0625,0.06785714285714285,0.05207413945278023,0.06857142857142857,0.07534246575342465,0.0
0.05144694533762058,0.05843071786310518,0.06019766397124888,0.06314699792960662,0.09352517985611511,0.0
0.07479224376731301,0.04434250764525994,0.05876951331496786,0.06411698537682789,0.08888888888888889,0.25
0.08767772511848342,0.06901615271659324,0.06377079482439926,0.06356968215158924,0.0743801652892562,0.0
0.05186721991701245,0.08262108262108261,0.05203405865657521,0.060209424083769635,0.07563025210084033,0.0
0.0570902394106814,0.06951871657754011,0.0562685093780849,0.06562054208273894,0.06542056074766354,0.0
0.04666666666666667,0.06589147286821706,0.06530214424951267,0.07923930269413629,0.08333333333333333,0.0
0.05084745762711865,0.05086848635235732,0.06692913385826772,0.0603290676416819,0.05714285714285714,0.0
0.05694444444444444,0.05405405405405406,0.05546875,0.06046511627906977,0.023255813953488372,0.5
0.05562579013906448,0.04791154791154791,0.060810810810810814,0.04265402843601896,0.0875,0.0
0.05793742757821553,0.06227967097532315,0.07347670250896057,0.06153846153846154,0.05405405405405406,0.14285714285714285
0.0374331550802139,0.0622876557191393,0.058823529411764705,0.056179775280898875,0.0379746835443038,0.5
0.058765915768854066,0.06368715083798883,0.05200433369447454,0.08387096774193549,0.025974025974025976,0.0
0.05026929982046679,0.07474518686296716,0.05463182897862233,0.10067114093959731,0.05333333333333334,0.0
0.04865771812080537,0.06981981981981981,0.047865459249676584,0.04964539007092199,0.1,0.0
0.062111801242236024,0.07885714285714286,0.0712166172106825,0.051094890510948905,0.078125,0.0
0.049005681818181816,0.07125890736342043,0.07202680067001675,0.06976744186046512,0.016666666666666666,0.25
0.05213903743315508,0.06501182033096926,0.06037735849056604,0.049586776859504134,0.01639344262295082,0.0
0.03792667509481669,0.0688360450563204,0.06896551724137931,0.017094017094017096,0.061224489795918366,0.0
0.042915931804820694,0.06349206349206349,0.06496519721577726,0.05357142857142857,0.02,0.0
0.03904071388733965,0.061711079943899017,0.05026455026455026,0.09734513274336283,0.04081632653061224,0.0
0.03224101479915433,0.06636500754147813,0.06,0.04854368932038835,0.057692307692307696,0.0
0.0345,0.05592105263157895,0.09841269841269841,0.07920792079207921,0.058823529411764705,0.0
0.03946742748454589,0.08768656716417911,0.07796610169491526,0.08695652173913043,0.06,0.0
0.03837368661489265,0.0511727078891258,0.040145985401459854,0.03571428571428571,0.06521739130434782,0.3333333333333333
0.04162976085031001,0.07982261640798226,0.07662835249042145,0.0375,0.043478260869565216,0.0
0.0330188679245283,0.07654320987654321,0.07725321888412018,0.10344827586206896,0.024390243902439025,0.0
0.0325950689511074,0.09162303664921466,0.06372549019607843,0.07228915662650602,0.09090909090909091,0.0
0.03510204081632653,0.06881720430107527,0.053763440860215055,0.06578947368421052,0.05555555555555555,0.0
0.028765481422293248,0.0645933014354067,0.0449438202247191,0.06756756756756757,0.06060606060606061,0.0
0.022771888496270123,0.06476683937823834,0.03571428571428571,0.0410958904109589,0.0,0.0
0.031201848998459167,0.0679886685552408,0.05,0.04285714285714286,0.08823529411764706,0.0
0.025767336112163697,0.07476635514018691,0.024096385542168676,0.1044776119402985,0.037037037037037035,0.0
0.021779947427713105,0.0664451827242525,0.06493506493506493,0.03076923076923077,0.038461538461538464,0.0
0.024981357196122298,0.03806228373702422,0.08955223880597014,0.046875,0.034482758620689655,0.0
0.016230173367760975,0.07434944237918216,0.125,0.09230769230769231,0.043478260869565216,0.0
0.022727272727272728,0.07364341085271318,0.09836065573770492,0.09836065573770492,0.0,0.0
0.021865889212827987,0.07421875,0.03636363636363636,0.03225806451612903,0.043478260869565216,0.0
0.012977649603460706,0.07142857142857142,0.08196721311475409,0.031746031746031744,0.1111111111111111,0.0
0.017155110793423873,0.04504504504504504,0.03333333333333333,0.06557377049180328,0.05555555555555555,0.5
0.012451085023123443,0.08571428571428572,0.08064516129032258,0.01818181818181818,0.0,0.0
0.009520451339915375,0.07291666666666667,0.13559322033898305,0.05084745762711865,0.06666666666666667,0.0
0.010854341736694677,0.07303370786516854,0.11320754716981132,0.10714285714285714,0.0,0.0
0.007662835249042145,0.047058823529411764,0.1111111111111111,0.07017543859649122,0.0,0.0
0.009381514940931202,0.06329113924050633,0.07547169811320754,0.1111111111111111,0.0,0.0
0.009655172413793104,0.08,0.038461538461538464,0.06,0.058823529411764705,0.0
0.00859697386519945,0.07534246575342465,0.09803921568627451,0.06,0.0,0.0
0.00546448087431694,0.03508771929824561,0.0,0.14583333333333334,0.06666666666666667,0.0
0.00631019594818997,0.05660377358490566,0.06,0.07894736842105263,0.0,0.0
0.007962840079628402,0.05660377358490566,0.020833333333333332,0.08823529411764706,0.0,0.0
0.005291005291005291,0.02040816326530612,0.08888888888888889,0.08823529411764706,0.0625,0.0
0.005278785879247773,0.09090909090909091,0.05,0.05714285714285714,0.21428571428571427,0.0
0.009881422924901186,0.05263157894736842,0.1282051282051282,0.02857142857142857,0.07142857142857142,0.5
0.007234462347911871,0.0967741935483871,0.10256410256410256,0.02631578947368421,0.07692307692307693,0.0
0.006568144499178982,0.0625,0.02702702702702703,0.025,0.0,0.0
0.0055755985569039025,0.034482758620689655,0.0,0.05,0.07692307692307693,0.0
0.004258106780216181,0.034482758620689655,0.09090909090909091,0.12195121951219512,0.0,0.0
0.004581151832460733,0.12,0.08823529411764706,0.04878048780487805,0.18181818181818182,0.0
0.00326477309826967,0.0967741935483871,0.17142857142857143,0.0,0.0,0.0
0.004892367906066536,0.1111111111111111,0.05714285714285714,0.09375,0.1111111111111111,0.0
0.0035889070146818925,0.1,0.05714285714285714,0.0,0.0,0.0
0.00488440247476392,0.04,0.02631578947368421,0.0967741935483871,0.0,0.0
0.0035783994795055302,0.08695652173913043,0.058823529411764705,0.1,0.16666666666666666,0.0
0.003896103896103896,0.045454545454545456,0.0625,0.07142857142857142,0.0,1.0
0.0012991230919129587,0.0,0.029411764705882353,0.041666666666666664,0.0,0.0
0.0019474196689386564,0.08333333333333333,0.05405405405405406,0.13043478260869565,0.09090909090909091,0.0
0.0029211295034079843,0.12,0.05714285714285714,0.125,0.0,1.0
0.0016223231667748216,0.0,0.03125,0.08695652173913043,0.09090909090909091,0.0
0.000973393900064893,0.06451612903225806,0.0,0.13043478260869565,0.0,0.0
0.00032425421530479895,0.1,0.038461538461538464,0.09523809523809523,0.15384615384615385,0.0
0.0,0.0,0.04,0.09090909090909091,0.0,0.0
0.0006480881399870382,0.06666666666666667,0.041666666666666664,0.09523809523809523,0.18181818181818182,0.0
0.0006472491909385113,0.038461538461538464,0.0,0.15,0.0,0.0
0.0003237293622531564,0.07692307692307693,0.0,0.10526315789473684,0.0,0.0
0.0006472491909385113,0.041666666666666664,0.16666666666666666,0.0,0.07142857142857142,0.0
0.0003234152652005175,0.041666666666666664,0.07407407407407407,0.0,0.0,0.0
0.0003232062055591467,0.04,0.041666666666666664,0.06666666666666667,0.0,0.0
0.0009689922480620155,0.0,0.04,0.0,0.0,0.0
0.000968054211035818,0.07407407407407407,0.14285714285714285,0.06666666666666667,0.0,0.0
0.0006449532408900354,0.07407407407407407,0.1111111111111111,0.0625,0.0,0.0
0.0006447453255963894,0.0,0.0625,0.125,0.2,0.0
0.0009668063164679343,0.09090909090909091,0.058823529411764705,0.0,0.0,0.0
0.00128783000643915,0.0,0.0,0.11764705882352941,0.0,1.0
0.000321853878339234,0.11764705882352941,0.0,0.06666666666666667,0.08333333333333333,0.0
0.000321853878339234,0.0,0.11764705882352941,0.0625,0.0,0.0
0.001286587327114828,0.0,0.0,0.0625,0.0,0.0
0.0009637006103437199,0.0625,0.058823529411764705,0.14285714285714285,0.0,0.0
0.0,0.058823529411764705,0.0,0.08333333333333333,0.18181818181818182,0.0
0.0012841091492776886,0.13333333333333333,0.05,0.0,0.0,0.0
0.0006420545746388443,0.07142857142857142,0.0,0.0,0.0,0.0
0.00032071840923669016,0.07142857142857142,0.05555555555555555,0.0,0.2222222222222222,0.0
0.00032071840923669016,0.13333333333333333,0.11764705882352941,0.0,0.14285714285714285,1.0
0.0,0.06666666666666667,0.0625,0.14285714285714285,0.0,0.0
0.00032071840923669016,0.1875,0.0,0.07142857142857142,0.0,0.0
0.000641025641025641,0.07142857142857142,0.0,0.0,0.0,0.0
0.0009612303748798462,0.0,0.0,0.15384615384615385,0.0,0.0
0.0,0.05,0.0,0.0,0.0,0.0
0.0003202049311559398,0.0625,0.0,0.0,0.0,0.0
0.0,0.05555555555555555,0.0,0.2,0.14285714285714285,1.0
0.0006397952655150352,0.058823529411764705,0.2,0.0,0.375,0.0
0.0012795905310300703,0.0,0.0,0.0,0.14285714285714285,0.0
0.0,0.0,0.0,0.125,0.0,0.0
0.0006389776357827476,0.16666666666666666,0.09090909090909091,0.0,0.1111111111111111,0.0
0.0,0.1,0.0,0.0,0.0,0.0
0.00031928480204342275,0.0,0.0,0.0,0.0,0.0
0.0006383657835939994,0.0,0.2,0.125,0.0,0.0
0.0003191828917969997,0.23076923076923078,0.0,0.0,0.0,0.0
0.0006383657835939994,0.0,0.0,0.0,0.0,0.0
0.0003189792663476874,0.0,0.0,0.0,0.0,0.0
0.0,0.0,0.0,0.0,0.0,0.0
0.0,0.0,0.375,0.0,0.0,0.0
